test/controllers/pages_controller_test.rb
  h_7e49e1b6a1cf0d 1,3,12,15-16,23,25,30,35,37,40,44,46,51,56,58,61,64,66,69,71,74,76,78,81,84,86,89,91,94-95,98,100,102,105,108,110,113,115,118,120,123,125,128,130,132,135,138,140,142-146,148,151,154,156,158-161,167,170,172,175,178,180,182-183,185,189,192,196,198,200,203,206,208,213,215,218,220,224,231,236-238,241,243,246,249,255,257,259-260,262,265,268,270,272-274,276,279,287,294,296,303,305,313,315,328
  h_7e49e1b6a1cf0d 2,333-337,344
---
{
  "schema_version": "authorship/3.0.0",
  "git_ai_version": "1.7.0",
  "base_commit_sha": "1c556f4712d82a9272b47e9d2b86eb4d15779254",
  "prompts": {},
  "humans": {
    "h_7e49e1b6a1cf0d": {
      "author": "Elson Otake <47673311+ElsonOtake@users.noreply.github.com>"
    }
  }
}