test/models/favorite_test.rb
  h_7e49e1b6a1cf0d 1,3,7-9,11,15,17,20,24,28,33,35,38
  h_7e49e1b6a1cf0d 2
test/models/event_test.rb
  h_7e49e1b6a1cf0d 1,3,9,16,18-19,22,27,29-30,34,36,41,43-44,47,54,56,59,61,64,66,69,71,74,76-77,79,81,84,86-87,91,93-94,99,101-103,105-107,110,112,117,123,126,128-132,134,137,141,143,148,150,154,156-157,163,166-167,171,174-175,179-180,183-184,189,192,194-202,204,212,216,220,223-225,227,229,234,237,240,243,245,247,252,255,259,261-262,265,271,274-276,279,281-282,285,287-288,291,295,298,303,305,309,312,315,318,321,325
  h_7e49e1b6a1cf0d 2,327
test/models/child_test.rb
  h_7e49e1b6a1cf0d 1,3,9,16,23,39,43,47,52,57,67,73,77,85,92,99,115,131,147,163,166,184,186-187,206,216,225,236,248,258,268,273,280,287-289,302
  h_7e49e1b6a1cf0d 2
test/models/role_test.rb
  h_7e49e1b6a1cf0d 1,3,9,12,18-20,25,31,33,40,42,44,46,48,51-52,54,60-61,67,70,73,75,79-81,84,90-92,95,102-104,112-114,117,121,124,127,129,132-134,136,141,143-144,148,150-151,156,158-159,161,163,166,168-169,171,176-177,179,181,183,188-189,194,200-201,210-211,218-219,221,223,226,230,234-235,237,239,242,249,252-253,255,259,261-262,264,266,268,270,274,285
  h_7e49e1b6a1cf0d 2,202,289
test/models/couple_test.rb
  h_7e49e1b6a1cf0d 1,3,8,13,15,20,22,27,29,34,36,43,47,52,57,63,65,72,76-77,81-82,91,97,104,110,117,123,129,134,140,146,151,157,164,170,175,181,185,189,198,204,209,213,216,224,230,235,240,246,248,253,255,261,264,270,272,275,278,283,290,295,299,303,309,315,322,328,335,341,346,349,358,364,367,370,379,384,386,388,391,399,403,409-411,416,419-421,428
  h_7e49e1b6a1cf0d 2,142,147,226,256-257,337,342
test/models/person_test.rb
  h_7e49e1b6a1cf0d 1,3,8,15,21,27,33-34,40,43,49,55,63,70,73,79,85,91,102,107,113,116,121,124,133,139,143,149,151,156,158,171-174,179-181,184,187,191,193,196-197,200,209,212,217,223,226,237-239,241,246,252-254,256,258-259,263-264,266,272-273,275-276,279,281,283-284,287-288,292-293,296-297,305-309,311-313,319-326,335-336,340
  h_7e49e1b6a1cf0d 2,44-45,74-75,153
---
{
  "schema_version": "authorship/3.0.0",
  "git_ai_version": "1.7.0",
  "base_commit_sha": "a603855a07fbc858ca711cbd59b513333d259bce",
  "prompts": {},
  "humans": {
    "h_7e49e1b6a1cf0d": {
      "author": "Elson Otake <47673311+ElsonOtake@users.noreply.github.com>"
    }
  }
}