test/policies/user_policy_test.rb
  h_7e49e1b6a1cf0d 1-2,15,18,20-22,29,36,41,46,52,57,62,68,73,78,84,87,92,99,102,107,113,118,123,129-130,132,138-139,143,147-148,150,158,162,164,168,178,180-182,187,189,197,199-201,205,207,213,219,223,227,232,234
test/policies/favorite_policy_test.rb
  h_7e49e1b6a1cf0d 1,3,13,16-18,24,31,33,41,44,47,52,57,60,65,71,74,77,82,88,90,98,104,106-107,110-112,115,120,122,128,133,135-136,139,145,149,156,158,164-165,170,173,178,184,188,191-192,196,198,205,207-208,211,217,221,226,228,231,233,237,243,245,247,251,257,259,265,267,269,273,278,284,286,289,295,297-300,304,310,312,317,320,323-325,328-329,332,336
  h_7e49e1b6a1cf0d 2,266,287,342
test/policies/couple_policy_test.rb
  h_7e49e1b6a1cf0d 1-2,15,17-19,23,25-27,31,34,39,45,54,57,60,66,71,78,84,87,90,96,103,108,114,120,127,133,140,146,153,160,167,173-175,183,191,197,206,210,212,222,226,230,235,238,244,246-248,253,255,261,263-265,269,271,276,282,286,290,295,297,304,306,310,316,318,322,326,333,335-336,338,341
  h_7e49e1b6a1cf0d 307-308,323
test/policies/person_policy_test.rb
  h_7e49e1b6a1cf0d 1-2,15,17-19,23,25-27,31,34,39,45,54,57,60,66,71,78,84,87,90,96,103,108,114,120,127,133,140,146,153,160,167,173,179,186,192,199,202,205,211-213,221,229,235,244,248,250,262,264-266,271,273,279,281-283,287,289,294,301,305,309,314,316,323,325-326,329,335,337,341,345
  h_7e49e1b6a1cf0d 327,342,351
test/policies/child_policy_test.rb
  h_7e49e1b6a1cf0d 1-2,15,17-19,23,25-27,31,34,41,47,55,58,61,67,72,79,85,88,91,97,104,109,115,121,128,134,141,147,154,161,168,174,176,184,192,198,207,211,213,223,228,234,242,246,253,255-257,262,264,270,272-274,278,280,285,291,296-297,307,309,316,322,328,330,334,338,345,350,360,362,365,368
  h_7e49e1b6a1cf0d 319,374
---
{
  "schema_version": "authorship/3.0.0",
  "git_ai_version": "1.7.0",
  "base_commit_sha": "dc6f657050acd5db9921d31edee4d42351c0a4e2",
  "prompts": {},
  "humans": {
    "h_7e49e1b6a1cf0d": {
      "author": "Elson Otake <47673311+ElsonOtake@users.noreply.github.com>"
    }
  }
}